.Random.seed <-
c(403L, 10L, -1222119146L, -1030157376L, -331774077L, -822368863L, 
-202626672L, 1000084078L, 1432257561L, 1091238059L, -492270438L, 
-1492186020L, -1371334305L, 189786933L, 1639657164L, -1733993438L, 
71130749L, -1822006409L, -848003938L, -1497855144L, -218288453L, 
-2033823655L, 705352680L, -640977386L, 733305233L, 567032387L, 
-2092500654L, 1076063716L, -502336473L, 832184445L, -1094914700L, 
512688474L, -102094939L, -194738241L, -1702216634L, 1685383888L, 
1562236147L, -786025967L, -189725632L, -1873778658L, -1710172439L, 
-1229372389L, -898266070L, 1332375372L, 298185999L, 854685765L, 
660644348L, 1653141586L, 1368291789L, 1854753671L, -1780498834L, 
1467870792L, -1707653045L, 792609193L, -1211106056L, -1756354522L, 
-1794188991L, -848136493L, -530719102L, 1319863476L, 726195255L, 
1106599725L, 1680432196L, -936214166L, 1649196501L, -922363025L, 
-1410637194L, 1869739424L, -1047870877L, 468050689L, 270957168L, 
-1924639218L, 788692601L, -1180882421L, 1340695354L, 703887932L, 
1605892479L, -1887513899L, 1707557612L, -581495742L, 2020232093L, 
625992215L, -1001982082L, -2047814344L, -1873296869L, -2019513479L, 
-1203343928L, 976777718L, 2120500273L, 1303926371L, 1137330738L, 
-665323644L, 190703047L, -121738083L, 595602452L, 1401752250L, 
1656965893L, 1118195935L, 107325798L, -1182327568L, 1912981523L, 
-484663887L, -1991788448L, 2124453374L, 501293449L, 1855116987L, 
1440912010L, -1435865748L, 1478310639L, -1683110619L, 142455772L, 
-193412686L, -888545107L, -1095159705L, -1940908146L, -832167832L, 
20147307L, -1146112503L, -1082419048L, -598506554L, 1329501985L, 
943977395L, -2000979166L, 921677076L, -104489577L, 885278093L, 
-1211186012L, 588293770L, -322478859L, 875938639L, -587195306L, 
1971035904L, 925153859L, -1705483807L, -1324653232L, -1206060114L, 
-1699940007L, -1411463317L, 387290842L, -1349077092L, 2090437535L, 
-854248971L, 1164248204L, 611659106L, 2125226301L, 272157111L, 
-1088967074L, 1189537688L, -1973483781L, -512725351L, -1166420184L, 
1117793750L, 128832081L, -530495229L, -981916526L, -1953580508L, 
-85990169L, -120522435L, -781611596L, -1696656870L, -1953793691L, 
-1983379457L, 671940230L, -1399085552L, -2137645901L, 290797393L, 
-1944896768L, -15523362L, 869132841L, -1116132901L, 1836455658L, 
-1278602100L, 1062017999L, 291550085L, -1523310532L, 1011134738L, 
1997673997L, 464971079L, 1613066030L, -872848760L, 588235659L, 
-2130193559L, -1819996872L, 1032257510L, 1556985729L, -170684653L, 
872085698L, 258413428L, -2099445897L, -2124289939L, -1667070204L, 
698701354L, -1122444395L, -1737416657L, -1447159498L, -2038728352L, 
-963627101L, -1923178303L, 144011440L, 1257324494L, 86086457L, 
-782845109L, 372920570L, 2057923068L, -1975039425L, 1009843989L, 
-1053004756L, -63425278L, -1721786915L, 1615985879L, 537487294L, 
-430714376L, -194533925L, 1855392825L, -746422904L, 1194449206L, 
421004145L, -1682497117L, 1849146610L, 1576534084L, 198488839L, 
1711727325L, 1404201940L, 1879714554L, -664572347L, -1913579873L, 
-1426600922L, 394176688L, -564203181L, 1264760544L, -1900245892L, 
1553926864L, -104314462L, 695712808L, 12494604L, -1623913028L, 
1221609266L, 81727168L, -402739148L, 1942392520L, 1006651578L, 
-2129616240L, -1226244372L, -1257751980L, -1590890862L, 1219595552L, 
-1733802548L, 2004053728L, -468745022L, -1023116248L, -95390804L, 
-627708228L, 430184434L, 958519856L, 1588855716L, 1696255416L, 
680038234L, 297164944L, 78483324L, 1575703828L, -696628926L, 
833164544L, 1495572924L, -1130789552L, -1058647774L, 854962760L, 
-1555987444L, 2037420636L, -127474222L, 896138752L, 1075214676L, 
-1051087640L, 398350586L, -1146225968L, 2061778732L, -307280652L, 
49061266L, 345731424L, 15503372L, 34629856L, 1121932898L, 763826344L, 
-325271476L, 2135627644L, -1911493326L, 714550896L, 1633072964L, 
-820663336L, 2114660218L, -568843216L, -451713092L, -1192183212L, 
-715065278L, 1880139424L, 42996412L, 87822288L, 1622184290L, 
-2052035864L, -1002885940L, -1143477764L, -974147086L, -1018537856L, 
1915502068L, -1994265976L, -66787526L, -1622761136L, -1665122196L, 
-390052460L, 1553323090L, 59617760L, -916467508L, 1479957152L, 
-150578814L, 38571240L, 1128092396L, -376202948L, 1699312754L, 
-1289298320L, -1635965404L, -1126455240L, -1329220326L, -733441840L, 
1863294268L, -704585836L, 1651826562L, -1775460416L, -1170127300L, 
-1741526640L, -308050910L, 1286207752L, 776860812L, -1181596900L, 
915241106L, -675960448L, -1156039660L, -1724653784L, -978246086L, 
-423857712L, -310251156L, 920926132L, -418996718L, 1570178016L, 
-1338817076L, -32217888L, -1018638302L, 1372903208L, -2068040180L, 
-1882197188L, 702297074L, 1749191408L, 291760708L, 847840856L, 
1964152634L, 448230384L, 543164092L, 742843668L, 1162268866L, 
1085897824L, 1871853948L, -1087989808L, -1768867550L, 1736650408L, 
-1976738932L, 1420082364L, -2035540174L, -598613440L, -31423308L, 
-952712120L, -896132678L, -1995440624L, 63654124L, -2088150700L, 
19330834L, 1528075680L, 1167489740L, 86570592L, -618782782L, 
888931112L, 764972460L, -1906454212L, -1952759950L, 2054422832L, 
-620548316L, 1696990520L, -645162278L, 1984530320L, -1983442180L, 
296333204L, -1617254334L, -1276896000L, -374576068L, 1417907536L, 
219486370L, 80951112L, -721873140L, -1393702180L, -259968174L, 
-1745776000L, -2017068972L, -891679768L, 647608058L, 1091782992L, 
995509036L, -1129478284L, 1891042194L, -918653344L, -1558851700L, 
-850087072L, -1911568414L, 1300447144L, 1477254348L, -880996868L, 
-648098894L, -1261475344L, 1023257028L, 1925587288L, -2093718150L, 
1181290928L, 989982652L, 553341012L, -2062793790L, 803185696L, 
-857228100L, 619321936L, -995016734L, -293079448L, 405936716L, 
-930643716L, -2140286990L, -915391232L, 2135037812L, 1657192456L, 
1643808186L, 1178271184L, -702880788L, 1508450196L, 1478974418L, 
-578431136L, -672774836L, 918957344L, 404177794L, 1913494248L, 
1017423084L, -1948030404L, -699200654L, -678630800L, 619165732L, 
-1040218312L, 1551514L, -1582918960L, 256434364L, 376198804L, 
-1760680318L, 1880587456L, 1048195388L, 693194896L, 62984371L, 
929389524L, 234317538L, 1250940791L, 1035950785L, -1506432442L, 
-1786649212L, -1153942731L, 1234995487L, 707731576L, 719101270L, 
-1518976029L, -1852252763L, 85508162L, -1547735504L, 744486489L, 
504541131L, 234033212L, 1886527082L, 1651446943L, -745581271L, 
1524441534L, -1524801364L, -586402307L, 184253767L, -1884514768L, 
1225064270L, -29658245L, 2035447005L, -1168370422L, 162533416L, 
2074379409L, 8474755L, -295288444L, -1809870926L, 1428738311L, 
1322894161L, 405070550L, 44612532L, 1900807109L, 903467791L, 
-177073784L, -209910618L, -494775213L, -336685643L, -1042162926L, 
-1418549024L, -1423753911L, 799539067L, -1993078196L, 829150170L, 
-435734065L, 378089369L, 928737198L, 1678388412L, 1209910573L, 
308983511L, -467353824L, -847816578L, -2076107189L, -115329971L, 
1831033466L, -830704968L, 297052257L, 844749331L, -679981004L, 
1811156546L, -1502115241L, -180192863L, 221035110L, -216618396L, 
170842517L, -1693044033L, -159266216L, -1605403018L, 84959875L, 
-2047486267L, 1939252194L, -808116656L, -132510855L, 362094763L, 
1376733212L, 1518733130L, 1474625343L, 1538646409L, -23174754L, 
-1088006068L, -1752215011L, -606011481L, 1598919376L, -1108958098L, 
1242839835L, -1471171459L, -448460182L, -108659960L, -1905634383L, 
-1224747997L, 1824046372L, -1998046766L, 294431271L, 1846293617L, 
-1058477386L, -1353812396L, -1646880027L, -853436689L, 1833886248L, 
-804256122L, 566800563L, -27728363L, 1443809394L, 615355584L, 
2075584809L, 1653878683L, 578562156L, -1302381446L, 506439087L, 
772564153L, 142847694L, -39982052L, -1499263091L, 1958922743L, 
-1857069824L, 256998238L, -1381938133L, 1240081197L, -1227272294L, 
964083032L, -667881279L, 388550515L, -1907501932L, -1370595038L, 
1930657847L, 558936321L, 1159627782L, 1429226052L, 1268673397L, 
-269332769L, 828144184L, -163139050L, 1357981219L, -252890651L, 
-1243152382L, -1695573392L, -1971761127L, 685558283L, -1620737796L, 
